1 0.871875 0.39296875 0.22109375 0.15234375
1 0.18984375 0.39453125 0.14296875 0.14921875
0 0.44453125 0.39921875 0.1328125 0.1328125
0 0.64765625 0.4125 0.19453125 0.159375
0 0.290625 0.4640625 0.05859375 0.159375
0 0.2015625 0.5078125 0.0421875 0.078125
0 0.63984375 0.56796875 0.08125 0.13984375
0 0.834375 0.59765625 0.1265625 0.25
0 0.39296875 0.59921875 0.10703125 0.16875
0 0.2015625 0.64609375 0.05546875 0.1328125
0 0.95 0.6578125 0.078125 0.240625
0 0.09921875 0.6734375 0.07109375 0.10390625
0 0.26953125 0.6765625 0.0359375 0.19453125