0 0.3390625 0.78515625 0.07734375 0.08046875
1 0.5015625 0.80234375 0.1609375 0.10078125
0 0.62421875 0.140625 0.19765625 0.10703125
1 0.40234375 0.17265625 0.2515625 0.3453125
0 0.13828125 0.24296875 0.2765625 0.225
1 0.5265625 0.315625 0.2046875 0.228125
0 0.7296875 0.35234375 0.19453125 0.315625
0 0.04453125 0.44765625 0.0890625 0.19765625
0 0.56875 0.46953125 0.12734375 0.05390625
1 0.59765625 0.51640625 0.1171875 0.0671875
0 0.31015625 0.5484375 0.4359375 0.39296875
0 0.89296875 0.59375 0.15078125 0.14765625