0 0.37109375 0.78359375 0.07578125 0.07890625
1 0.53125 0.8 0.15859375 0.09921875
0 0.6515625 0.15 0.19453125 0.10546875
1 0.434375 0.17578125 0.24765625 0.3515625
0 0.15546875 0.25078125 0.31015625 0.22109375
1 0.55625 0.321875 0.2015625 0.22421875
0 0.75546875 0.3578125 0.19140625 0.31015625
0 0.06328125 0.4515625 0.1265625 0.19375
0 0.59765625 0.4734375 0.12578125 0.053125
1 0.62578125 0.51953125 0.115625 0.065625
0 0.34296875 0.55078125 0.42890625 0.3859375
0 0.915625 0.59609375 0.1484375 0.1453125