0 0.38203125 0.75 0.07265625 0.07578125
1 0.534375 0.765625 0.15078125 0.09453125
0 0.64921875 0.14609375 0.18515625 0.10078125
1 0.44296875 0.16875 0.2359375 0.3375
0 0.1625 0.24140625 0.325 0.2109375
1 0.5578125 0.309375 0.1921875 0.2140625
0 0.7484375 0.34453125 0.18203125 0.2953125
0 0.07421875 0.43359375 0.14765625 0.18515625
0 0.59765625 0.4546875 0.11953125 0.05
1 0.62421875 0.4984375 0.11015625 0.06328125
0 0.35546875 0.528125 0.40859375 0.36796875
0 0.90078125 0.57109375 0.14140625 0.13828125