1 0.11328125 0.365625 0.2265625 0.1578125
1 0.8171875 0.3671875 0.14765625 0.1546875
0 0.55390625 0.37265625 0.1375 0.1375
0 0.34375 0.3859375 0.2015625 0.1640625
0 0.71328125 0.43984375 0.06015625 0.1640625
0 0.80546875 0.48515625 0.04375 0.08046875
0 0.35234375 0.546875 0.08359375 0.14453125
0 0.15078125 0.57734375 0.13125 0.25859375
0 0.60703125 0.57890625 0.1109375 0.17421875
0 0.80546875 0.62734375 0.05703125 0.1375
0 0.0359375 0.6390625 0.071875 0.2484375
0 0.9109375 0.65625 0.0734375 0.10703125
0 0.73515625 0.659375 0.03671875 0.2015625