0 0.37578125 0.43984375 0.2453125 0.12109375
0 0.9046875 0.5265625 0.134375 0.12109375
0 0.11328125 0.53046875 0.2265625 0.24140625
0 0.6328125 0.55546875 0.26875 0.17109375
0 0.8875 0.78828125 0.22109375 0.18828125
0 0.365625 0.796875 0.25859375 0.35234375
0 0.078125 0.8375 0.15625 0.2046875
1 0.60390625 0.8625 0.1109375 0.19453125
0 0.65625 0.96953125 0.10703125 0.06015625
0 0.62109375 0.10078125 0.10390625 0.2015625
0 0.365625 0.14921875 0.25859375 0.2046875
0 0.0984375 0.16796875 0.19609375 0.3359375
0 0.88515625 0.17109375 0.2296875 0.3421875