0 0.6140625 0.4640625 0.240625 0.11875
0 0.09375 0.54921875 0.13203125 0.11875
0 0.88046875 0.553125 0.2390625 0.2375
0 0.36171875 0.57734375 0.2640625 0.16796875
0 0.1109375 0.80703125 0.21796875 0.18515625
0 0.6234375 0.81484375 0.25390625 0.346875
0 0.91484375 0.8546875 0.1703125 0.2015625
1 0.3890625 0.8796875 0.10859375 0.19140625
0 0.33828125 0.97734375 0.10546875 0.04453125
0 0.37265625 0.11875 0.10234375 0.22109375
0 0.6234375 0.178125 0.25390625 0.2015625
0 0.8953125 0.18515625 0.209375 0.353125
0 0.11328125 0.19453125 0.22578125 0.346875