0 0.7421875 0.37890625 0.028125 0.10703125
0 0.8046875 0.43671875 0.034375 0.11640625
0 0.38203125 0.4609375 0.08828125 0.10078125
0 0.5453125 0.478125 0.08828125 0.11015625
0 0.64921875 0.56328125 0.06953125 0.2859375
0 0.33671875 0.57265625 0.08515625 0.14140625
0 0.4890625 0.59453125 0.06328125 0.2046875
0 0.11953125 0.60859375 0.040625 0.09453125
0 0.753125 0.61328125 0.04375 0.07890625
0 0.84140625 0.66796875 0.05 0.2203125
1 0.51484375 0.11875 0.2375 0.2375
0 0.7078125 0.1546875 0.16640625 0.309375
1 0.8875 0.1640625 0.184375 0.328125
0 0.2890625 0.265625 0.046875 0.11328125