1 0.15078125 0.39296875 0.2140625 0.14765625
1 0.8109375 0.39453125 0.13828125 0.14453125
0 0.56484375 0.39921875 0.12890625 0.12890625
0 0.36796875 0.41171875 0.1890625 0.15390625
0 0.7140625 0.4625 0.05625 0.15390625
0 0.8 0.5046875 0.040625 0.07578125
0 0.37578125 0.56328125 0.07890625 0.13515625
0 0.18671875 0.59140625 0.12265625 0.2421875
0 0.61484375 0.59296875 0.10390625 0.16328125
0 0.8 0.63828125 0.053125 0.12890625
0 0.07578125 0.64921875 0.07578125 0.2328125
0 0.89921875 0.66484375 0.06953125 0.10078125
0 0.734375 0.66796875 0.034375 0.1890625