0 0.62109375 0.7515625 0.07265625 0.07578125
1 0.46875 0.7671875 0.15078125 0.09453125
0 0.35390625 0.14765625 0.18515625 0.10078125
1 0.56015625 0.16953125 0.2359375 0.3390625
0 0.8390625 0.24296875 0.321875 0.2109375
1 0.4453125 0.3109375 0.1921875 0.2140625
0 0.2546875 0.34609375 0.18203125 0.2953125
0 0.92734375 0.43515625 0.14453125 0.18515625
0 0.40546875 0.45625 0.11953125 0.05
1 0.37890625 0.5 0.11015625 0.06328125
0 0.64765625 0.5296875 0.40859375 0.36796875
0 0.10234375 0.57265625 0.14140625 0.13828125