1 0.15546875 0.396875 0.215625 0.14921875
1 0.821875 0.3984375 0.13984375 0.14609375
0 0.57265625 0.403125 0.13046875 0.13046875
0 0.37421875 0.415625 0.190625 0.15546875
0 0.7234375 0.46640625 0.05703125 0.15546875
0 0.8109375 0.509375 0.04140625 0.0765625
0 0.3828125 0.56796875 0.0796875 0.13671875
0 0.1921875 0.596875 0.1234375 0.24453125
0 0.6234375 0.5984375 0.1046875 0.16484375
0 0.8109375 0.64453125 0.05390625 0.13046875
0 0.0796875 0.65546875 0.0765625 0.23515625
0 0.9109375 0.67109375 0.06953125 0.1015625
0 0.74453125 0.67421875 0.03515625 0.190625