0 0.259375 0.38046875 0.028125 0.10703125
0 0.196875 0.4390625 0.034375 0.11640625
0 0.61953125 0.4625 0.08828125 0.10078125
0 0.45625 0.4796875 0.08828125 0.11015625
0 0.35234375 0.56484375 0.06953125 0.2859375
0 0.66484375 0.57421875 0.08515625 0.14140625
0 0.5125 0.59609375 0.06328125 0.2046875
0 0.88203125 0.61015625 0.040625 0.09453125
0 0.2484375 0.61484375 0.04375 0.07890625
0 0.16015625 0.66953125 0.05 0.2203125
1 0.48671875 0.11953125 0.2375 0.2390625
0 0.29375 0.15546875 0.16640625 0.3109375
1 0.1140625 0.16484375 0.184375 0.3296875
0 0.7125 0.2671875 0.046875 0.11328125